int = [230, 318, 460, 548, 636, 690, 711.517, 778, 779.669, 825,...
    838.775, 866, 920, 954, 1002.6, 1008, 1055, 1096, 1120.52, 1143,...
    1150, 1184, 1189.23, 1203.51, 1214.03, 1232.6, 1237.36, 1238, 1272, 1273.33,...
    1285, 1310.57, 1320.6, 1326, 1332.34, 1334.32, 1349.74, 1373, 1380, 1403.79,...
    1414, 1447.9, 1448.89, 1461, 1462.6, 1468, 1471.37, 1481.97, 1491.02, 1502,...
    1515, 1543.09, 1550.6, 1552.64, 1555.36, 1556, 1586.71, 1588.55, 1590, 1598.4,...
    1603, 1610, 1638.6, 1639.93, 1644, 1648.47, 1650, 1657.14, 1674.03, 1680.92,...
    1691, 1692.56, 1692.6, 1698, 1732, 1734.6, 1735.2, 1744.39, 1745, 1758.65,...
    1779, 1780.6, 1784.68, 1786, 1791.88, 1809.03, 1820, 1827.6, 1833, 1840,...
    1841.91, 1845.12, 1845.89, 1846.64, 1849.8, 1857.15, 1868.32, 1868.6, 1874, 1880];


lang = [1100.93, 2480.02, 2604.16, 2604.16, 2604.16, 2604.16, 2604.16, 2604.16, 2604.16,...
    2604.16, 2604.16, 2604.16, 2604.16, 2604.16];




b_lang = [1098.9, 2510.94, 2602.39, 2602.91, 2603.57, 2603.57, 2603.57, 2604.16, 2604.16,...
    2604.16, 2604.16, 2604.16, 2604.16, 2604.16, 2604.16, 2604.16, 2604.16];
b_int = [636.6, 2360.99, 2393.42, 2395.68, 2399.93, 2410.45, 2420.8, 2428.56, 2437.59, 2440.31,...
    2454.3, 2457.85, 2459.82, 2460.18, 2463.87, 2466.53, 2476.16, 2493.76, 2502.1, 2504.08,...
    2509.42, 2511.81, 2512.13, 2512.31, 2513.38, 2526.08, 2531.48, 2541.6, 2542.46, 2546.49,...
    2551.02, 2551.93, 2553.72, 2554.97, 2555.27, 2557.99, 2572.21, 2572.84, 2574.84, 2576.29,...
    2584.86, 2585.06, 2585.31, 2586.58, 2587, 2588.35, 2602.76, 2602.86, 2604.16, 2604.16,...
    2604.16, 2604.16, 2604.16, 2604.16, 2604.16, 2604.16, 2604.16, 2604.16];
sb_lang = [1277.22, 2502.92, 2587.32, 2599.43, 2601.37, 2604.16, 2604.16, 2604.16,...
    2604.16, 2604.16, 2604.16, 2604.16, 2604.16, 2604.16, 2604.16];
sb_int = [1094.65, 2436.62, 2527.75, 2588.46, 2600.87, 2600.87, 2601.77, 2602.89, 2603.84, 2603.84,...
    2603.84, 2603.84, 2604.16, 2604.16, 2604.16, 2604.16, 2604.16, 2604.16, 2604.16, 2604.16, 2604.16, 2604.16];
